MSE_deg2: 0.9223249916365814
RMSE_deg: 0.9603775255786556
MAE_deg: 0.6587817157444756
MSE_rad2: 0.0002809562591571327
RMSE_rad: 0.016761749883503593
