MSE_deg2: 0.17415962585729672
RMSE_deg: 0.41732436528112843
MAE_deg: 0.3178817129680553
MSE_rad2: 5.3052055859668256e-05
RMSE_rad: 0.007283684222951202
