MSE_deg2: 0.09330775969438569
RMSE_deg: 0.3054631887713898
MAE_deg: 0.25815662223329594
MSE_rad2: 2.842316900418202e-05
RMSE_rad: 0.005331338387701724
