MSE_deg2: 0.07221749813999825
RMSE_deg: 0.2687331355452808
MAE_deg: 0.22556575932829362
MSE_rad2: 2.1998707946857687e-05
RMSE_rad: 0.004690278024473356
