MSE_deg2: 10.750469945832638
RMSE_deg: 3.278790927435392
MAE_deg: 2.980591499596707
MSE_rad2: 0.003274780416394096
RMSE_rad: 0.057225697168266074
