MSE_deg2: 1.3742991601985368
RMSE_deg: 1.1723050627710079
MAE_deg: 0.9259376695026111
MSE_rad2: 0.0004186354641947186
RMSE_rad: 0.020460583183152886
