MSE_deg2: 0.32235812618986626
RMSE_deg: 0.567765907914403
MAE_deg: 0.49135555118567326
MSE_rad2: 9.819590064723515e-05
RMSE_rad: 0.009909384473681256
