MSE_deg2: 0.24285744379005914
RMSE_deg: 0.4928056856308165
MAE_deg: 0.41640619672209234
MSE_rad2: 7.397860790332338e-05
RMSE_rad: 0.008601081786805855
