MSE_deg2: 5.447433118075541
RMSE_deg: 2.333973675531826
MAE_deg: 1.444823881244505
MSE_rad2: 0.001659383020888836
RMSE_rad: 0.040735525292904175
