MSE_deg2: 0.2172303914933919
RMSE_deg: 0.46607981236414
MAE_deg: 0.3812215982191565
MSE_rad2: 6.617216135597353e-05
RMSE_rad: 0.008134627302831614
