MSE_deg2: 5.329000444953581
RMSE_deg: 2.3084627882973514
MAE_deg: 2.0721213786182453
MSE_rad2: 0.0016233063655839825
RMSE_rad: 0.04029027631555761
