MSE_deg2: 0.951480415203843
RMSE_deg: 0.9754385758231232
MAE_deg: 0.7613200454443603
MSE_rad2: 0.0002898375090569808
RMSE_rad: 0.017024614799077856
