MSE_deg2: 26.877471295553
RMSE_deg: 5.184348685761115
MAE_deg: 4.161860829390435
MSE_rad2: 0.008187345956442679
RMSE_rad: 0.09048395413797232
