MSE_deg2: 10.01701890384043
RMSE_deg: 3.1649674411975286
MAE_deg: 2.4800980719827534
MSE_rad2: 0.003051358452442557
RMSE_rad: 0.05523910256731691
