MSE_deg2: 1.8557814177081315
RMSE_deg: 1.3622706844486274
MAE_deg: 1.2416211696240202
MSE_rad2: 0.0005653033471503709
RMSE_rad: 0.023776108747025255
