MSE_deg2: 10.7379498315489
RMSE_deg: 3.2768811134291855
MAE_deg: 2.9611716871497165
MSE_rad2: 0.003270966571485548
RMSE_rad: 0.05719236462575706
