MSE_deg2: 11.02565176960537
RMSE_deg: 3.32048968822452
MAE_deg: 1.8069252092350983
MSE_rad2: 0.003358605593523944
RMSE_rad: 0.05795347783803785
