MSE_deg2: 10.756941871521779
RMSE_deg: 3.2797777167853583
MAE_deg: 2.974917521583302
MSE_rad2: 0.0032767518776985714
RMSE_rad: 0.057242919891446586
